0.261198 -219 32
0.305521 -222 32
0.300392 -223 35
0.288906 -223 35
0.293108 -221 34
0.283616 -223 35
0.306676 -223 36
0.283194 -225 36
0.280511 -220 33
0.2577 -219 32
0.235905 -217 29
0.277188 -219 30
0.235563 -219 28
0.236752 -218 28
0.213826 -218 24
0.225332 -217 26
0.167566 -215 24
0.181413 -211 24
0.199457 -216 22
0.1623 -212 20
0.187739 -213 21
0.147523 -213 23
0.159942 -211 18
0.114254 -209 18
0.161183 -209 18
0.150665 -210 17
0.14007 -206 12
0.122564 -204 16
0.108012 -206 14
0.117369 -206 14
0.0927789 -205 14
0.0959953 -203 10
0.0640296 -199 12
0.0742549 -202 8
0.0414549 -196 10
0.0641656 -204 9
0.05242 -201 8
0.0638081 -201 8
0.0513196 -204 10
0.0976022 -205 13
0.116727 -203 17
0.141698 -210 18
0.156952 -208 18
0.175021 -209 22
0.193927 -214 25
0.208425 -216 25
0.236064 -220 28
0.245242 -216 29
0.272683 -220 30
0.28409 -219 32
0.303587 -222 33
0.30313 -222 32
0.30453 -222 32
0.27725 -221 35
0.2803 -222 36
0.324216 -223 36
0.320249 -221 34
0.324683 -222 37
0.332537 -222 34
0.332045 -224 35
0.320422 -224 35
0.329788 -223 38
0.288716 -224 35
0.312287 -222 37
0.32376 -225 37
0.381471 -224 40
0.349383 -220 38
0.319513 -225 38
0.299573 -223 39
0.326539 -225 40
0.322892 -225 39
0.33188 -227 42
0.340186 -224 41
0.347787 -225 41
0.364278 -225 41
0.332548 -225 43
0.346042 -226 41
0.298955 -227 43
0.343699 -224 41
0.317069 -225 41
0.257885 -221 33
0.156554 -216 29
0.232795 -217 28
0.271647 -218 30
0.231799 -220 31
0.286382 -220 33
0.250492 -216 32
0.214473 -219 31
0.261479 -221 30
0.241811 -221 32
